phi <- 1.61803398875
